100
49
639707551 639707551 639707551 639707551 639707551 639707551 110893913 110893913 110893913 924341265 924341265 924341265 924341265 924341265 924341265 924341265 509906552 509906552 509906552 509906552 509906552 509906552 509906552 509906552 509906552 551732394 551732394 551732394 29464305 29464305 29464305 29464305 29464305 29464305 29464305 119862864 119862864 119862864 119862864 119862864 119862864 119862864 119862864 119862864 309190607 70571873 847827462 162124164 162124164
45
690135731 690135731 690135731 690135731 25250835 25250835 25250835 25250835 25250835 180587624 180587624 180587624 180587624 180587624 180587624 180587624 180587624 180587624 995291819 819909012 819909012 819909012 819909012 819909012 819909012 819909012 845286336 845286336 4732384 4732384 4732384 4732384 4732384 4732384 4732384 4732384 4732384 901660314 901660314 901660314 901660314 901660314 901660314 901660314 875699922
44
673116543 673116543 673116543 673116543 737204881 737204881 737204881 737204881 737204881 737204881 737204881 737204881 737204881 737204881 975286989 644367427 644367427 644367427 644367427 644367427 644367427 644367427 644367427 516337108 516337108 516337108 516337108 516337108 516337108 516337108 423766564 423766564 423766564 387788279 387788279 387788279 387788279 387788279 387788279 387788279 747478762 382597950 382597950 382597950
49
383474314 383474314 697651476 697651476 697651476 697651476 697651476 697651476 697651476 697651476 697651476 717314342 717314342 717314342 717314342 162305424 162305424 162305424 263815408 263815408 263815408 79324826 79324826 79324826 375864599 375864599 99391279 99391279 99391279 99391279 99391279 99391279 99391279 99391279 99391279 445418458 445418458 445418458 445418458 445418458 445418458 536721791 536721791 536721791 536721791 536721791 536721791 536721791 536721791
45
3378040 824385276 824385276 824385276 824385276 824385276 824385276 824385276 824385276 33889334 33889334 33889334 33889334 33889334 33889334 33889334 33889334 702858660 702858660 702858660 702858660 702858660 702858660 702858660 702858660 702858660 702858660 464376896 464376896 464376896 464376896 905185126 905185126 905185126 905185126 905185126 905185126 905185126 399864405 809833472 883257507 187340586 187340586 187340586 203277636
49
481790162 481790162 481790162 946045668 946045668 138902088 155572375 809096472 337581166 337581166 337581166 337581166 812005841 630711563 630711563 630711563 513392939 513392939 513392939 513392939 513392939 461392184 461392184 461392184 461392184 461392184 461392184 461392184 461392184 461392184 461392184 64106258 64106258 64106258 64106258 64106258 64106258 942286988 942286988 942286988 942286988 942286988 942286988 722293675 722293675 722293675 722293675 722293675 722293675
42
578598619 578598619 578598619 578598619 578598619 578598619 578598619 578598619 578598619 18724530 18724530 18724530 18724530 18724530 18724530 18724530 18724530 18724530 388098786 388098786 388098786 388098786 388098786 388098786 743405591 743405591 743405591 578080812 578080812 578080812 578080812 578080812 578080812 578080812 303232268 303232268 303232268 303232268 303232268 303232268 303232268 303232268
50
494098189 494098189 127541466 127541466 454224792 454224792 454224792 454224792 454224792 454224792 454224792 368702935 368702935 368702935 368702935 368702935 368702935 368702935 368702935 368702935 368702935 84897265 84897265 84897265 84897265 84897265 297171712 297171712 297171712 297171712 297171712 297171712 297171712 297171712 22777569 22777569 22777569 22777569 22777569 22777569 22777569 22777569 275455238 379969929 379969929 379969929 379969929 774986660 996430995 10896902
50
864583846 864583846 864583846 864583846 864583846 864583846 642962733 642962733 642962733 642962733 642962733 642962733 642962733 642962733 642962733 928565844 928565844 928565844 928565844 928565844 928565844 928565844 928565844 257838195 257838195 257838195 257838195 257838195 257838195 257838195 455295769 179061641 179061641 179061641 179061641 179061641 179061641 179061641 179061641 179061641 444292154 895862215 895862215 895862215 895862215 895862215 838008198 838008198 612459453 107546916
47
669198595 669198595 669198595 669198595 669198595 669198595 669198595 410186306 410186306 410186306 410186306 410186306 410186306 410186306 410186306 410186306 410186306 638116564 638116564 638116564 638116564 638116564 638116564 40412391 469103409 469103409 469103409 469103409 469103409 469103409 469103409 469103409 469103409 469103409 845132237 845132237 845132237 845132237 845132237 845132237 845132237 845132237 845132237 73960796 905645791 905645791 633233246
43
532509654 532509654 532509654 532509654 532509654 69212507 69212507 69212507 69212507 69212507 717435435 717435435 717435435 717435435 717435435 717435435 717435435 717435435 717435435 717435435 81153229 81153229 81153229 81153229 81153229 81153229 81153229 81153229 854398066 854398066 765277439 765277439 765277439 765277439 431679254 431679254 431679254 431679254 431679254 431679254 431679254 431679254 601800350
44
783918182 783918182 783918182 783918182 783918182 783918182 783918182 783918182 569081148 569081148 569081148 569081148 569081148 814705783 814705783 734469080 734469080 136639652 136639652 136639652 140743590 140743590 140743590 140743590 140743590 860989741 860989741 860989741 860989741 860989741 860989741 860989741 673095237 379137316 379137316 379137316 379137316 379137316 379137316 379137316 941577337 17143609 17143609 17143609
48
786324948 786324948 786324948 786324948 786324948 786324948 159836911 543077439 543077439 543077439 543077439 543077439 314203436 314203436 314203436 314203436 314203436 314203436 314203436 314203436 314203436 277638704 277638704 277638704 277638704 277638704 277638704 277638704 277638704 964216614 964216614 809989344 809989344 809989344 809989344 809989344 809989344 809989344 809989344 809989344 809989344 230898313 669472726 669472726 669472726 669472726 669472726 669472726
41
890465750 890465750 890465750 890465750 890465750 890465750 890465750 890465750 890465750 941441812 941441812 941441812 941441812 941441812 941441812 941441812 941441812 941441812 755828641 755828641 755828641 755828641 755828641 755828641 755828641 530926449 530926449 530926449 530926449 530926449 530926449 530926449 530926449 530926449 604842720 604842720 604842720 604842720 604842720 687103222 687103222
44
625398459 625398459 625398459 625398459 159185672 159185672 54022823 54022823 966770275 888709959 888709959 473920007 473920007 473920007 817185772 817185772 904677409 904677409 904677409 904677409 643825528 643825528 643825528 643825528 643825528 643825528 679992219 679992219 679992219 679992219 679992219 679992219 446039522 446039522 446039522 446039522 446039522 446039522 700055460 30758298 30758298 30758298 629826249 629826249
42
537172102 537172102 537172102 537172102 537172102 537172102 215056043 215056043 215056043 215056043 215056043 215056043 215056043 215056043 768789820 543218738 543218738 543218738 543218738 543218738 543218738 543218738 543218738 821555915 905449691 905449691 905449691 905449691 905449691 905449691 905449691 905449691 749862221 397978769 397978769 397978769 397978769 397978769 397978769 397978769 397978769 397978769
41
544667972 544667972 544667972 544667972 544667972 544667972 544667972 544667972 544667972 495410915 495410915 851965946 851965946 551248209 551248209 551248209 551248209 551248209 551248209 551248209 551248209 506144906 506144906 506144906 506144906 506144906 506144906 506144906 506144906 506144906 506144906 795191752 795191752 795191752 795191752 795191752 795191752 795191752 795191752 795191752 795191752
42
242337238 242337238 242337238 242337238 242337238 242337238 637086428 637086428 637086428 637086428 106870339 106870339 106870339 826742339 826742339 826742339 826742339 444577841 150595861 150595861 150595861 150595861 150595861 634778073 634778073 431971241 431971241 431971241 431971241 431971241 431971241 291616907 291616907 291616907 291616907 291616907 291616907 291616907 291616907 297714791 541632030 541632030
44
393178716 393178716 393178716 393178716 393178716 393178716 393178716 393178716 300091559 300091559 300091559 300091559 300091559 492702345 492702345 492702345 502284521 502284521 502284521 502284521 502284521 502284521 502284521 502284521 442478902 442478902 442478902 442478902 442478902 442478902 690916263 690916263 690916263 690916263 690916263 690916263 853706706 853706706 853706706 853706706 853706706 445852592 445852592 253971075
45
223180714 223180714 223180714 223180714 223180714 223180714 506509573 506509573 506509573 424818914 424818914 424818914 424818914 44787230 44787230 44787230 44787230 44787230 44787230 44787230 156127801 156127801 156127801 156127801 156127801 156127801 156127801 899659565 899659565 899659565 471174596 471174596 120463574 120463574 120463574 120463574 120463574 120463574 120463574 120463574 120463574 120463574 673565366 12693433 12693433
1
233
45
675707751 675707751 675707751 675707751 675707751 675707751 675707751 308551038 308551038 78346806 78346806 78346806 78346806 78346806 78346806 78346806 78346806 213677714 213677714 213677714 887243606 887243606 887243606 887243606 390219342 390219342 390219342 390219342 390219342 390219342 648511764 648511764 648511764 648511764 648511764 648511764 648511764 239206623 838477894 838477894 838477894 838477894 28574224 28574224 258664528
49
416390884 416390884 416390884 416390884 416390884 416390884 416390884 916342787 344125800 344125800 344125800 344125800 344125800 344125800 344125800 344125800 226923420 226923420 226923420 720918004 720918004 720918004 720918004 720918004 720918004 720918004 720918004 720918004 720918004 482469487 482469487 482469487 482469487 482469487 482469487 482469487 482469487 482469487 482469487 753490035 753490035 753490035 78916692 78916692 78916692 78916692 78916692 986901271 986901271
41
191439614 191439614 244224632 244224632 244224632 244224632 244224632 244224632 244224632 178932375 178932375 178932375 281486321 281486321 281486321 281486321 281486321 281486321 967934507 967934507 967934507 532260867 635394999 625290234 166785729 166785729 166785729 166785729 166785729 166785729 166785729 166785729 166785729 452363510 452363510 452363510 452363510 294104198 294104198 294104198 296420190
44
813059702 813059702 813059702 813059702 813059702 524732785 524732785 524732785 524732785 524732785 524732785 524732785 524732785 755543643 50599963 50599963 50599963 50599963 721514041 721514041 721514041 721514041 721514041 721514041 721514041 721514041 721514041 721514041 409421273 409421273 409421273 409421273 409421273 409421273 321555818 321555818 321555818 321555818 321555818 321555818 321555818 526367474 526367474 530942477
43
105805251 105805251 105805251 105805251 105805251 105805251 105805251 113020793 113020793 113020793 30975551 30975551 137255902 137255902 137255902 584201010 584201010 584201010 584201010 584201010 584201010 584201010 584201010 584201010 584201010 977666689 977666689 977666689 325467995 325467995 325467995 325467995 325467995 325467995 325467995 325467995 325467995 861058471 861058471 892393379 892393379 892393379 892393379
47
924982283 924982283 924982283 924982283 924982283 969626821 969626821 969626821 969626821 969626821 922407671 922407671 922407671 922407671 922407671 922407671 922407671 922407671 922407671 692215265 95038150 95038150 95038150 95038150 95038150 95038150 95038150 95038150 95038150 610193620 610193620 610193620 610193620 516721879 516721879 516721879 901932794 901932794 901932794 901932794 901932794 972061699 667957296 667957296 667957296 720233054 720233054
49
543897556 543897556 577896605 577896605 467736534 467736534 467736534 467736534 467736534 467736534 962875687 962875687 17374060 17374060 110457258 638852833 638852833 638852833 638852833 638852833 638852833 259582840 259582840 259582840 259582840 259582840 259582840 259582840 259582840 259582840 259582840 565993654 565993654 565993654 565993654 565993654 565993654 565993654 565993654 565993654 150520359 150520359 150520359 24484754 24484754 24484754 24484754 24484754 24484754
42
645747248 645747248 645747248 488909976 488909976 488909976 13230688 13230688 13230688 13230688 13230688 484876971 484876971 484876971 484876971 484876971 445822693 445822693 445822693 580742182 580742182 580742182 580742182 580742182 580742182 580742182 580742182 3550982 3550982 3550982 3550982 3550982 3550982 749278626 749278626 749278626 749278626 749278626 749278626 749278626 888705998 888705998
42
987931536 987931536 987931536 687289612 418245746 418245746 418245746 418245746 578505644 578505644 578505644 578505644 578505644 578505644 578505644 578505644 406899203 406899203 406899203 406899203 406899203 406899203 967023033 967023033 461389511 461389511 461389511 461389511 461389511 461389511 461389511 461389511 461389511 461389511 198138534 198138534 198138534 198138534 198138534 198138534 735804567 101927667
41
237403787 237403787 237403787 237403787 237403787 237403787 237403787 237403787 237403787 118970866 118970866 118970866 118970866 118970866 86819484 86819484 86819484 754648057 754648057 754648057 754648057 754648057 754648057 754648057 320537311 229974217 229974217 229974217 229974217 569961309 569961309 569961309 569961309 569961309 569961309 569961309 569961309 569961309 569961309 712772001 286004242
46
481228741 293337512 293337512 622154668 622154668 622154668 622154668 622154668 503425931 503425931 503425931 503425931 77863049 77863049 77863049 77863049 232032694 232032694 232032694 232032694 232032694 232032694 194319602 194319602 194319602 194319602 194319602 468635563 468635563 468635563 468635563 468635563 468635563 468635563 749195960 749195960 749195960 749195960 749195960 850360633 86714687 86714687 86714687 86714687 86714687 39128804
46
388568551 388568551 388568551 388568551 388568551 388568551 571230294 402588104 402588104 134403081 134403081 134403081 134403081 134403081 388596467 388596467 388596467 388596467 388596467 388596467 388596467 822463297 822463297 822463297 822463297 822463297 822463297 822463297 192480532 192480532 192480532 192480532 368267242 368267242 368267242 368267242 368267242 368267242 368267242 368267242 368267242 674898462 674898462 674898462 674898462 28324289
49
658228721 658228721 658228721 658228721 658228721 658228721 658228721 658228721 658228721 658228721 712949057 712949057 712949057 712949057 712949057 712949057 743868659 743868659 743868659 743868659 743868659 743868659 743868659 743868659 743868659 112214502 112214502 112214502 112214502 112214502 112214502 112214502 112214502 112214502 112214502 574866385 574866385 674431233 674431233 674431233 674431233 674431233 674431233 674431233 674431233 674431233 674431233 664300569 664300569
40
754536935 754536935 754536935 754536935 754536935 754536935 16457726 16457726 16457726 16457726 16457726 16457726 16457726 16457726 430599504 430599504 430599504 430599504 430599504 742001787 742001787 742001787 215945923 215945923 215945923 215945923 215945923 215945923 215945923 215945923 215945923 215945923 860403144 860403144 711029662 711029662 711029662 711029662 711029662 343951810
49
981076140 981076140 981076140 981076140 981076140 981076140 981076140 896418696 890331584 890331584 890331584 890331584 890331584 890331584 890331584 890331584 714529009 714529009 714529009 714529009 714529009 407976464 407976464 407976464 407976464 407976464 407976464 407976464 407976464 407976464 407976464 419598529 419598529 419598529 419598529 419598529 419598529 419598529 419598529 419598529 419598529 948996826 948996826 869551164 869551164 869551164 869551164 863715201 863715201
47
775568830 775568830 775568830 775568830 775568830 775568830 694203695 694203695 694203695 694203695 694203695 291854256 291854256 291854256 291854256 291854256 291854256 291854256 690037220 274023934 274023934 274023934 274023934 274023934 308561814 308561814 308561814 308561814 308561814 308561814 308561814 783163833 783163833 783163833 783163833 275630369 275630369 275630369 275630369 275630369 275630369 852274968 686595453 686595453 62264149 934805571 934805571
47
373041011 373041011 373041011 373041011 373041011 373041011 636976092 636976092 636976092 636976092 636976092 515486621 515486621 515486621 955742925 955742925 255467430 255467430 255467430 255467430 255467430 255467430 255467430 255467430 255467430 586365399 586365399 586365399 586365399 586365399 841127903 508137577 508137577 508137577 508137577 508137577 508137577 508137577 4342576 4342576 4342576 4342576 4342576 109056801 366218797 19552523 320394237
45
855703476 2743103 2743103 2743103 2743103 122676303 122676303 122676303 122676303 122676303 129016160 129016160 129016160 129016160 129016160 129016160 129016160 240307090 240307090 240307090 240307090 240307090 674993396 674993396 674993396 106503492 106503492 106503492 106503492 106503492 106503492 106503492 691386210 584032922 584032922 584032922 584032922 584032922 584032922 584032922 584032922 584032922 212876001 212876001 386838329
3
233 233 233
46
764535174 764535174 764535174 764535174 764535174 764535174 764535174 576157836 576157836 576157836 576157836 576157836 576157836 576157836 576157836 787546332 787546332 787546332 787546332 787546332 787546332 69923022 69923022 69923022 69923022 69923022 69923022 69923022 937952469 937952469 937952469 937952469 937952469 937952469 937952469 870019589 870019589 870019589 870019589 870019589 870019589 870019589 870019589 870019589 957392142 957392142
49
959867532 959867532 959867532 959867532 959867532 959867532 959867532 959867532 959867532 544028351 544028351 544028351 544028351 544028351 544028351 358532347 358532347 358532347 358532347 280130984 280130984 280130984 280130984 280130984 359943362 359943362 593767944 593767944 593767944 593767944 710213435 710213435 710213435 710213435 802133143 802133143 802133143 802133143 802133143 802133143 802133143 802133143 95214019 95214019 95214019 95214019 95214019 95214019 948796066
50
777379941 777379941 777379941 777379941 777379941 777379941 777379941 777379941 777379941 16652621 16652621 16652621 16652621 16652621 16652621 16652621 258485913 258485913 258485913 258485913 258485913 258485913 258485913 258485913 258485913 258485913 154682430 154682430 154682430 154682430 154682430 154682430 154682430 154682430 154682430 303596750 303596750 303596750 303596750 303596750 303596750 303596750 147597445 147597445 845730624 845730624 845730624 845730624 845730624 406387560
48
645572716 645572716 645572716 645572716 645572716 645572716 928898965 928898965 928898965 928898965 928898965 955495180 955495180 306017455 306017455 306017455 306017455 306017455 345086705 345086705 250207794 250207794 250207794 250207794 250207794 250207794 250207794 250207794 250207794 3786577 3786577 3786577 3786577 3786577 847968040 847968040 847968040 847968040 847968040 847968040 847968040 847968040 487350298 487350298 487350298 487350298 487350298 154852067
49
79243268 850607514 850607514 850607514 850607514 850607514 402235564 402235564 402235564 402235564 402235564 314842660 314842660 485759581 967397879 967397879 967397879 967397879 438408250 438408250 438408250 438408250 438408250 438408250 438408250 985009586 985009586 985009586 985009586 985009586 985009586 985009586 985009586 985009586 985009586 293626063 293626063 293626063 293626063 293626063 308743111 308743111 308743111 308743111 308743111 308743111 308743111 308743111 308743111
40
736159599 736159599 736159599 736159599 736159599 736159599 736159599 736159599 712336742 712336742 712336742 712336742 712336742 712336742 712336742 712336742 211075015 211075015 211075015 211075015 211075015 211075015 211075015 211075015 569600309 569600309 569600309 569600309 411247743 411247743 411247743 411247743 614654808 614654808 614654808 614654808 348309739 348309739 348309739 534527630
43
607517395 607517395 607517395 607517395 607517395 607517395 607517395 607517395 607517395 607517395 121244985 121244985 121244985 121244985 121244985 121244985 121244985 121244985 121244985 121244985 47652905 843351273 843351273 843351273 843351273 843351273 843351273 843351273 843351273 843351273 430619290 430619290 430619290 528991940 528991940 528991940 528991940 528991940 528991940 528991940 528991940 402469385 402469385
49
518711387 518711387 518711387 518711387 518711387 518711387 518711387 518711387 518711387 800834036 800834036 800834036 800834036 800834036 800834036 800834036 605088676 605088676 605088676 605088676 809983905 591218295 591218295 591218295 244385965 244385965 244385965 244385965 244385965 244385965 244385965 244385965 244385965 381706666 381706666 381706666 381706666 381706666 381706666 381706666 381706666 615569119 615569119 615569119 615569119 615569119 615569119 10818089 10818089
49
593931334 593931334 593931334 593931334 593931334 682048520 682048520 682048520 682048520 174829954 174829954 174829954 323198896 323198896 323198896 323198896 323198896 323198896 323198896 323198896 691170474 691170474 691170474 691170474 691170474 691170474 691170474 691170474 691170474 614960935 614960935 614960935 614960935 614960935 614960935 56203114 56203114 56203114 56203114 56203114 56203114 56203114 56203114 56203114 450597133 450597133 444456277 444456277 616535467
49
546621690 546621690 395175998 395175998 395175998 82239344 82239344 82239344 82239344 82239344 82239344 82239344 82239344 851939661 851939661 851939661 851939661 851939661 851939661 851939661 58430185 801190372 801190372 801190372 801190372 801190372 801190372 503444846 503444846 503444846 503444846 503444846 503444846 503444846 503444846 503444846 746213504 746213504 746213504 746213504 746213504 746213504 328922540 328922540 328922540 328922540 328922540 137062915 137062915
50
757287415 757287415 757287415 757287415 757287415 757287415 757287415 757287415 757287415 757287415 484431073 484431073 484431073 484431073 484431073 484431073 478558852 478558852 478558852 478558852 478558852 478558852 315220571 315220571 315220571 315220571 315220571 315220571 622394011 622394011 273393745 273393745 273393745 273393745 273393745 273393745 273393745 231612459 231612459 231612459 231612459 231612459 231612459 231612459 163429832 163429832 163429832 163429832 163429832 163429832
50
698008807 877314618 877314618 877314618 877314618 877314618 877314618 51452388 51452388 51452388 357195687 357195687 357195687 357195687 357195687 357195687 357195687 357195687 357195687 357195687 756576932 756576932 756576932 756576932 756576932 756576932 756576932 756576932 756576932 886447681 886447681 886447681 886447681 886447681 886447681 886447681 886447681 886447681 886447681 135077947 135077947 135077947 135077947 135077947 135077947 784451992 784451992 630565228 255212031 725930520
40
220771244 220771244 220771244 220771244 220771244 220771244 220771244 220771244 420154824 420154824 420154824 420154824 420154824 411890483 411890483 411890483 411890483 411890483 411890483 411890483 411890483 505610809 755988476 755988476 755988476 755988476 755988476 470911226 470911226 470911226 470911226 470911226 353321987 353321987 353321987 134715323 134715323 102023043 102023043 102023043
43
931771479 931771479 377922243 377922243 377922243 377922243 377922243 377922243 377922243 63306677 63306677 63306677 654553370 654553370 654553370 654553370 654553370 654553370 538529519 538529519 538529519 538529519 538529519 538529519 538529519 250782570 250782570 250782570 250782570 250782570 250782570 250782570 250782570 199586043 199586043 199586043 199586043 199586043 199586043 199586043 199586043 199586043 199586043
46
375146866 375146866 375146866 375146866 257653359 257653359 257653359 257653359 257653359 257653359 257653359 257653359 301255283 301255283 301255283 301255283 301255283 493876589 493876589 493876589 493876589 493876589 493876589 493876589 493876589 493876589 493876589 471807532 471807532 471807532 471807532 471807532 471807532 471807532 471807532 471807532 471807532 263974134 263974134 263974134 263974134 263974134 263974134 263974134 263974134 314889155
46
86789214 86789214 86789214 86789214 86789214 86789214 86789214 86789214 760247754 760247754 760247754 760247754 760247754 760247754 337394247 337394247 337394247 337394247 573738481 573738481 573738481 573738481 573738481 573738481 573738481 573738481 422798751 422798751 422798751 422798751 422798751 422798751 422798751 701852399 701852399 701852399 128823131 128823131 128823131 128823131 128823131 128823131 10195066 867000206 549014978 78581228
48
4615963 154694495 154694495 154694495 154694495 154694495 154694495 154694495 154694495 154694495 154694495 452283849 452283849 740702306 740702306 740702306 740702306 740702306 740702306 740702306 303195040 303195040 303195040 303195040 303195040 303195040 303195040 303195040 115000173 115000173 115000173 115000173 115000173 892264522 892264522 892264522 892264522 892264522 892264522 892264522 892264522 892264522 908889594 908889594 480888273 480888273 480888273 480888273
46
56176296 56176296 56176296 56176296 56176296 550428186 550428186 550428186 550428186 550428186 550428186 550428186 550428186 705125826 705125826 705125826 19332924 19332924 19332924 19332924 19332924 19332924 19332924 19332924 140297202 140297202 140297202 621894169 621894169 621894169 621894169 621894169 279024792 279024792 279024792 279024792 279024792 279024792 279024792 279024792 279024792 279024792 452916510 120933147 120933147 120933147
48
769303112 769303112 769303112 769303112 27761798 27761798 27761798 27761798 27761798 27761798 27761798 27761798 135211651 135211651 135211651 135211651 700218357 700218357 700218357 700218357 700218357 586118432 586118432 586118432 586118432 244125503 244125503 424413579 424413579 424413579 424413579 424413579 424413579 424413579 424413579 424413579 100956697 100956697 100956697 554034458 554034458 120366746 120366746 120366746 120366746 120366746 120366746 120366746
46
362322849 362322849 362322849 362322849 362322849 362322849 362322849 362322849 362322849 362322849 682580478 682580478 682580478 682580478 682580478 682580478 682580478 682580478 682580478 682580478 612404286 612404286 612404286 612404286 612404286 612404286 612404286 196665381 455135765 455135765 459759492 459759492 459759492 459759492 459759492 459759492 459759492 459759492 459759492 459759492 817740266 817740266 817740266 817740266 817740266 817740266
49
773852676 773852676 54081686 54081686 54081686 54081686 54081686 54081686 54081686 54081686 54081686 54081686 315559642 315559642 315559642 315559642 315559642 315559642 315559642 315559642 315559642 420190116 420190116 420190116 420190116 420190116 780830972 780830972 851833209 851833209 851833209 851833209 851833209 851833209 851833209 851833209 139827928 139827928 795073737 795073737 795073737 795073737 795073737 795073737 795073737 795073737 795073737 549999273 145057461
41
857230440 857230440 857230440 857230440 857230440 857230440 905940691 905940691 905940691 905940691 905940691 905940691 269892130 269892130 269892130 269892130 269892130 269892130 269892130 180374606 180374606 180374606 180374606 180374606 180374606 153840706 153840706 153840706 153840706 153840706 891266609 891266609 891266609 891266609 891266609 891266609 891266609 81342022 81342022 81342022 81342022
46
15301506 15301506 15301506 15301506 15301506 15301506 15301506 15301506 759805869 759805869 759805869 143883851 143883851 143883851 143883851 143883851 143883851 445396287 445396287 445396287 445396287 445396287 523171026 817886481 817886481 817886481 817886481 817886481 817886481 817886481 817886481 817886481 692640680 692640680 692640680 692640680 692640680 692640680 692640680 692640680 692640680 692640680 920018298 920018298 920018298 10706274
45
669969067 669969067 669969067 669969067 59502359 59502359 59502359 190934680 190934680 190934680 190934680 190934680 190934680 190934680 190934680 190934680 190934680 687864120 687864120 687864120 687864120 687864120 687864120 687864120 687864120 94346524 94346524 94346524 94346524 94346524 94346524 765526822 765526822 765526822 765526822 765526822 765526822 765526822 765526822 765526822 699848501 699848501 699848501 699848501 444390533
4
1 5 3 1
46
1796737 27730424 27730424 27730424 27730424 27730424 27730424 27730424 27730424 740838451 740838451 740838451 740838451 740838451 740838451 740838451 740838451 74744402 74744402 270873210 860329713 860329713 860329713 860329713 860329713 860329713 860329713 860329713 347819302 347819302 347819302 347819302 347819302 984431272 984431272 984431272 878260705 878260705 878260705 878260705 779790431 779790431 792029406 792029406 792029406 706998560
45
895778049 895778049 165846051 693173300 693173300 693173300 693173300 693173300 693173300 693173300 693173300 103994483 103994483 103994483 103994483 103994483 103994483 103994483 103994483 103994483 103994483 112509046 112509046 338877738 338877738 338877738 338877738 328188601 328188601 328188601 73629891 73629891 73629891 742714630 742714630 742714630 742714630 742714630 9576145 9576145 9576145 9576145 267266469 267266469 879400727
41
343933129 876234014 876234014 876234014 876234014 876234014 876234014 876234014 876234014 362128903 362128903 362128903 362128903 362128903 362128903 362128903 362128903 510577543 510577543 983026728 983026728 983026728 983026728 983026728 983026728 983026728 33792210 33792210 33792210 33792210 33792210 33792210 33792210 33792210 883237922 883237922 883237922 883237922 799921995 138456533 138456533
43
973362890 973362890 973362890 924649713 924649713 924649713 924649713 924649713 924649713 924649713 924649713 924649713 924649713 761281832 761281832 761281832 761281832 166908452 166908452 166908452 166908452 166908452 166908452 166908452 853946178 853946178 853946178 853946178 853946178 853946178 265275418 825730734 825730734 825730734 825730734 825730734 825730734 825730734 825730734 825730734 825730734 855577516 855577516
5
2 3 3 4 3
44
357253432 357253432 357253432 270161800 270161800 79599114 79599114 79599114 79599114 79599114 79599114 79599114 79599114 79599114 79599114 250417858 250417858 250417858 250417858 250417858 250417858 250417858 106019954 106019954 106019954 106019954 106019954 106019954 712013367 712013367 712013367 547742589 547742589 547742589 547742589 547742589 547742589 547742589 547742589 547742589 547742589 784554752 46538522 824311572
44
300098914 300098914 300098914 300098914 300098914 300098914 300098914 300098914 314527694 314527694 314527694 314527694 314527694 314527694 314527694 314527694 314527694 925653658 925653658 496904238 496904238 435357537 435357537 435357537 409404846 409404846 278900883 278900883 278900883 278900883 278900883 278900883 4605190 4605190 4605190 4605190 4605190 4605190 4605190 4605190 180471172 180471172 180471172 180471172
42
238650622 238650622 238650622 238650622 238650622 238650622 238650622 419069620 249451525 249451525 236239471 236239471 236239471 236239471 236239471 236239471 236239471 236239471 236239471 236239471 400442059 400442059 400442059 400442059 400442059 400442059 598083343 598083343 598083343 598083343 273725899 273725899 273725899 953647519 953647519 953647519 953647519 435180584 435180584 435180584 38851339 38851339
47
646498529 646498529 96532727 96532727 96532727 96532727 96532727 96532727 96532727 547634411 547634411 547634411 547634411 547634411 58748070 58748070 58748070 58748070 58748070 58748070 58748070 58748070 58748070 58748070 411465925 411465925 411465925 411465925 134819240 134819240 134819240 134819240 134819240 134819240 134819240 583177734 583177734 583177734 583177734 583177734 583177734 583177734 583177734 583177734 583177734 802648015 600973534
8
3 4 1 4 2 5 3 1
47
597777700 597777700 597777700 597777700 492031226 492031226 751845445 751845445 751845445 751845445 751845445 751845445 751845445 751845445 751845445 751845445 346530973 346530973 346530973 346530973 346530973 346530973 346530973 346530973 346530973 346530973 186958549 186958549 186958549 186958549 416659091 416659091 416659091 416659091 416659091 416659091 416659091 416659091 84119137 84119137 84119137 84119137 714902313 714902313 666633991 249135972 249135972
42
484797640 484797640 484797640 484797640 305664436 305664436 305664436 305664436 305664436 305664436 305664436 54667899 922235679 922235679 922235679 922235679 922235679 922235679 922235679 922235679 433725436 433725436 433725436 433725436 433725436 433725436 722157 722157 722157 722157 722157 722157 282131574 282131574 282131574 282131574 282131574 282131574 282131574 282131574 655460636 655460636
42
152249669 152249669 152249669 152249669 152249669 152249669 152249669 152249669 152249669 169576750 169576750 169576750 169576750 169576750 169576750 169576750 169576750 331786297 331786297 127319487 127319487 127319487 127319487 127319487 127319487 127319487 127319487 632584911 632584911 632584911 632584911 632584911 632584911 632584911 632584911 632584911 595573102 760597454 760597454 760597454 247684514 247684514
49
217436407 835113757 224078333 224078333 224078333 224078333 224078333 224078333 224078333 224078333 112141866 112141866 112141866 112141866 112141866 849934840 849934840 849934840 849934840 849934840 849934840 849934840 610117645 610117645 610117645 145417066 145417066 145417066 145417066 145417066 145417066 145417066 145417066 145417066 89448386 89448386 89448386 89448386 137478262 137478262 137478262 839327878 839327878 839327878 839327878 839327878 839327878 839327878 839327878
42
13957824 13957824 13957824 13957824 13957824 268183099 268183099 268183099 268183099 268183099 268183099 268183099 268183099 502704891 502704891 502704891 502704891 502704891 502704891 502704891 502704891 502704891 502704891 398000386 398000386 398000386 412090174 412090174 412090174 412090174 412090174 412090174 412090174 412090174 412090174 412090174 991187872 991187872 991187872 991187872 991187872 991187872
4
2 2 3 3
50
647525302 647525302 647525302 647525302 647525302 647525302 647525302 647525302 889297885 958250368 958250368 958250368 958250368 958250368 958250368 958250368 958250368 340999888 340999888 340999888 340999888 340999888 340999888 340999888 340999888 340999888 454251208 454251208 454251208 454251208 454251208 454251208 454251208 88554555 88554555 88554555 88554555 997650181 997650181 997650181 997650181 997650181 997650181 997650181 997650181 997650181 997650181 173317520 128241370 33225123
45
483139436 714755354 714755354 714755354 669404 669404 669404 669404 42335173 42335173 42335173 42335173 42335173 42335173 42335173 42335173 42335173 63916504 63916504 63916504 63916504 45982160 45982160 45982160 45982160 45982160 45982160 623851871 623851871 623851871 623851871 623851871 623851871 687242408 687242408 687242408 505476586 505476586 184956600 184956600 27834336 27834336 586801029 571087002 571087002
45
497126283 497126283 497126283 497126283 497126283 497126283 497126283 727703026 92930867 92930867 92930867 35610043 35610043 35610043 35610043 35610043 35610043 35610043 35610043 35610043 35610043 371612982 371612982 371612982 371612982 371612982 371612982 371612982 690053022 690053022 674861019 674861019 674861019 674861019 674861019 674861019 803952465 803952465 803952465 160376862 181933716 136341536 136341536 136341536 136341536
46
863888939 863888939 863888939 863888939 863888939 863888939 863888939 863888939 863888939 863888939 846969590 319158934 205843016 205843016 205843016 205843016 205843016 205843016 205843016 719145502 719145502 719145502 719145502 719145502 33216584 33216584 33216584 757402842 45248327 45248327 45248327 45248327 911710619 911710619 256469687 256469687 256469687 256469687 256469687 256469687 473528977 635586928 635586928 635586928 635586928 635586928
42
565328729 565328729 565328729 565328729 565328729 158779791 370881313 370881313 370881313 370881313 9889214 9889214 9889214 9889214 9889214 9889214 278556527 207402050 207402050 207402050 207402050 207402050 982375307 982375307 982375307 982375307 982375307 634951845 634951845 634951845 634951845 634951845 634951845 673584195 673584195 673584195 255646595 255646595 255646595 445015543 445015543 445015543
44
40936916 40936916 40936916 40936916 40936916 40936916 40936916 40936916 404027936 404027936 918155993 918155993 918155993 918155993 918155993 918155993 918155993 918155993 918155993 613468229 613468229 613468229 613468229 613468229 613468229 613468229 613468229 613468229 613468229 531250954 531250954 531250954 531250954 238516864 238516864 238516864 51389966 51389966 51389966 51389966 51389966 51389966 51389966 311032581
41
936340628 936340628 936340628 936340628 936340628 141077736 141077736 141077736 141077736 141077736 141077736 141077736 141077736 141077736 141077736 925952917 925952917 259788461 259788461 259788461 499433638 499433638 499433638 499433638 499433638 499433638 778467274 778467274 778467274 532140411 183314064 657391432 84518703 84518703 84518703 84518703 84518703 84518703 481917371 481917371 991247475
43
447147611 447147611 447147611 447147611 447147611 447147611 447147611 447147611 447147611 442313014 442313014 442313014 442313014 442313014 442313014 442313014 975458740 975458740 55348075 55348075 976903290 976903290 976903290 976903290 976903290 976903290 976903290 976903290 989099014 989099014 989099014 989099014 989099014 989099014 823676175 823676175 823676175 823676175 823676175 823676175 823676175 823676175 29670585
41
228319768 228319768 228319768 228319768 228319768 228319768 221001143 221001143 221001143 567819312 567819312 567819312 567819312 567819312 79367477 79367477 79367477 79367477 79367477 79367477 79367477 79367477 79367477 79367477 279461372 279461372 279461372 279461372 279461372 279461372 826389003 826389003 826389003 826389003 826389003 826389003 343099767 46889952 758219192 709020307 98355240
41
393608278 393608278 393608278 393608278 393608278 393608278 393608278 393608278 393608278 393608278 713595583 713595583 713595583 713595583 713595583 713595583 713595583 217937493 217937493 770597419 770597419 770597419 770597419 770597419 770597419 770597419 770597419 770597419 770597419 663989189 663989189 663989189 663989189 663989189 326054597 326054597 326054597 326054597 326054597 268106442 168814724
48
598343366 598343366 598343366 598343366 598343366 598343366 598343366 598343366 598343366 20084690 20084690 20084690 20084690 20084690 20084690 20084690 685966186 685966186 685966186 685966186 685966186 685966186 685966186 685966186 685966186 685966186 45388875 45388875 323313174 187057755 187057755 187057755 187057755 187057755 187057755 187057755 915458720 736512502 736512502 736512502 783162082 783162082 783162082 671134254 671134254 137598518 137598518 137598518
45
374149404 374149404 374149404 374149404 374149404 374149404 374149404 338997165 338997165 338997165 338997165 50802238 50802238 989582939 989582939 989582939 989582939 822468542 822468542 822468542 822468542 822468542 822468542 255414917 255414917 255414917 255414917 255414917 255414917 643739681 643739681 643739681 643739681 643739681 905941018 70318320 70318320 481748078 481748078 481748078 481748078 481748078 481748078 481748078 481748078
40
522279525 107878972 855032705 855032705 855032705 855032705 855032705 480198217 480198217 480198217 480198217 480198217 480198217 480198217 480198217 480198217 480198217 194878763 194878763 322201931 322201931 322201931 322201931 306675483 306675483 306675483 306675483 306675483 306675483 929188018 929188018 929188018 929188018 929188018 929188018 929188018 929188018 929188018 461609259 100265977
44
961613732 961613732 961613732 961613732 415935365 415935365 415935365 415935365 415935365 415935365 415935365 352561286 352561286 352561286 352561286 352561286 352561286 352561286 352561286 694305802 694305802 694305802 694305802 694305802 694305802 694305802 694305802 694305802 589267497 693116012 693116012 693116012 693116012 856274737 856274737 787961003 787961003 787961003 787961003 787961003 787961003 87361332 240697196 240697196
43
486410430 486410430 486410430 486410430 486410430 486410430 486410430 486410430 486410430 340272369 340272369 340272369 340272369 340272369 340272369 340272369 945402973 945402973 945402973 128595429 128595429 128595429 128595429 128595429 128595429 128595429 128595429 156899807 156899807 156899807 156899807 156899807 963847218 24278115 24278115 24278115 24278115 24278115 24278115 24278115 24278115 912617948 713102357
43
430069248 430069248 430069248 430069248 430069248 430069248 430069248 132127985 132127985 708794520 708794520 708794520 559397785 559397785 559397785 559397785 559397785 559397785 559397785 559397785 559397785 559397785 484171027 484171027 484171027 484171027 484171027 83519376 83519376 83519376 83519376 83519376 83519376 83519376 83519376 83519376 83519376 465153153 465153153 465153153 465153153 169177367 169177367
45
816446835 816446835 816446835 816446835 816446835 816446835 294267720 294267720 294267720 294267720 294267720 294267720 294267720 294267720 78898083 78898083 78898083 78898083 78898083 78898083 78898083 78898083 78898083 78898083 677313679 677313679 677313679 677313679 677313679 677313679 677313679 677313679 887219039 887219039 887219039 887219039 887219039 887219039 887219039 654414414 654414414 654414414 654414414 431197048 435674875
42
129716005 129716005 129716005 129716005 129716005 129716005 129716005 129716005 129716005 129716005 325196841 325196841 325196841 325196841 325196841 325196841 325196841 325196841 718230576 718230576 718230576 718230576 718230576 718230576 718230576 718230576 295792520 295792520 295792520 295792520 709265228 709265228 709265228 709265228 709265228 927236856 927236856 927236856 927236856 927236856 927236856 927236856
41
864046145 864046145 864046145 864046145 778195132 778195132 778195132 778195132 969997269 969997269 969997269 969997269 969997269 969997269 969997269 501046542 501046542 501046542 348490977 348490977 348490977 348490977 212134102 212134102 212134102 212134102 137787416 137787416 137787416 137787416 109927652 109927652 109927652 109927652 109927652 109927652 109927652 109927652 109927652 351913521 933721
