100
562 0 0
-602 0 0
-310 0 0
-891 0 0
-785 0 0
766 0 0
-291 0 0
-854 0 0
-277 0 0
-796 0 0
-453 0 0
-950 0 0
-695 0 0
179 0 0
-709 0 0
59 0 0
397 0 0
696 0 0
-146 0 0
484 0 0
-88 0 0
-754 0 0
-780 0 0
549 0 0
95 0 0
-747 0 0
413 0 0
-161 0 0
527 0 0
-28 0 0
256 0 0
705 0 0
286 0 0
-167 0 0
689 0 0
859 0 0
747 0 0
-131 0 0
251 0 0
-79 0 0
-18 0 0
580 0 0
897 0 0
151 0 0
-927 0 0
194 0 0
267 0 0
-582 0 0
521 0 0
-97 0 0
950 0 0
540 0 0
315 0 0
153 0 0
364 0 0
82 0 0
-759 0 0
950 0 0
-860 0 0
329 0 0
-638 0 0
357 0 0
-421 0 0
834 0 0
96 0 0
781 0 0
-521 0 0
915 0 0
14 0 0
555 0 0
761 0 0
-505 0 0
906 0 0
-597 0 0
-501 0 0
-144 0 0
-935 0 0
-163 0 0
643 0 0
-479 0 0
-928 0 0
594 0 0
701 0 0
650 0 0
-977 0 0
-80 0 0
597 0 0
671 0 0
984 0 0
473 0 0
200 0 0
-894 0 0
793 0 0
-251 0 0
323 0 0
-127 0 0
196 0 0
-382 0 0
666 0 0
721 0 0
45 0 0
490 0 0
-319 0 0
-771 0 0
-784 0 0
-504 0 0
140 0 0
-879 0 0
-324 0 0
381 0 0
-575 0 0
694 0 0
634 0 0
150 0 0
-256 0 0
701 0 0
106 0 0
-710 0 0
-156 0 0
433 0 0
773 0 0
-447 0 0
-847 0 0
-975 0 0
232 0 0
642 0 0
-253 0 0
-444 0 0
-450 0 0
-76 0 0
349 0 0
-73 0 0
960 0 0
262 0 0
-656 0 0
-44 0 0
-707 0 0
-737 0 0
-70 0 0
-186 0 0
748 0 0
680 0 0
-958 0 0
-14 0 0
-753 0 0
622 0 0
738 0 0
-909 0 0
69 0 0
195 0 0
932 0 0
510 0 0
-148 0 0
-27 0 0
-914 0 0
9 0 0
22 0 0
-813 0 0
684 0 0
-38 0 0
420 0 0
609 0 0
655 0 0
-730 0 0
644 0 0
617 0 0
826 0 0
252 0 0
-539 0 0
-441 0 0
-629 0 0
385 0 0
-408 0 0
-899 0 0
635 0 0
-931 0 0
-206 0 0
-172 0 0
524 0 0
-80 0 0
-67 0 0
716 0 0
-505 0 0
638 0 0
681 0 0
-832 0 0
-167 0 0
345 0 0
-610 0 0
-227 0 0
-941 0 0
-895 0 0
860 0 0
768 0 0
712 0 0
-31 0 0
928 0 0
241 0 0
441 0 0
-432 0 0
-823 0 0
-192 0 0
447 0 0
645 0 0
-307 0 0
39 0 0
-859 0 0
-447 0 0
185 0 0
-879 0 0
-604 0 0
693 0 0
274 0 0
-161 0 0
813 0 0
-30 0 0
975 0 0
-471 0 0
-518 0 0
-139 0 0
193 0 0
164 0 0
-373 0 0
887 0 0
103 0 0
-242 0 0
500 0 0
123 0 0
-111 0 0
481 0 0
668 0 0
1000 0 0
-803 0 0
618 0 0
108 0 0
499 0 0
-541 0 0
963 0 0
799 0 0
-668 0 0
-817 0 0
-942 0 0
-425 0 0
-575 0 0
-767 0 0
861 0 0
-216 0 0
-138 0 0
183 0 0
-25 0 0
382 0 0
572 0 0
218 0 0
-146 0 0
183 0 0
-582 0 0
-910 0 0
731 0 0
369 0 0
-546 0 0
-904 0 0
-177 0 0
636 0 0
333 0 0
793 0 0
100 0 0
-190 0 0
-205 0 0
-495 0 0
661 0 0
-332 0 0
-697 0 0
-470 0 0
-883 0 0
984 0 0
953 0 0
60 0 0
-712 0 0
675 0 0
613 0 0
-399 0 0
-130 0 0
-703 0 0
942 0 0
-776 0 0
-537 0 0
874 0 0
-144 0 0
599 0 0
936 0 0
627 0 0
292 0 0
700 0 0
829 0 0
-742 0 0
-394 0 0
-353 0 0
339 0 0
385 0 0
833 0 0
